3	-29.7065221518478
4	-28.1067617959636
6	-26.7215256176903
9	-25.3968567861544
10	-24.5657872480946
12	-23.9384681472134
13	-22.9192145735797
14	-21.4290724675649
17	-21.3948963119043
21	-21.1360652665737
22	-20.3297483313661
25	-19.8778146976055
27	-18.7950399903725
29	-17.9772453214874
35	-17.2724078513861
36	-16.7011305304014
37	-13.8341407320905
38	-13.2558009719641
39	-10.5695348905934
43	-10.0970896744362
44	-10.0143397029142
46	-9.80289213622306
47	-9.33238731319985
51	-9.16391989337722
53	-8.97756829339847
54	-8.40372731025943
55	-7.92787565070128
56	-7.58520708113808
59	-6.30833377001102
61	-6.25105500770167
63	-4.98194419984092
64	-4.2971925544783
66	-3.62453901564836
72	-1.52405906447368
73	-0.869921605342829
75	-0.863643776871294
87	-0.0020471685919351
92	0.346423915300734
93	0.921349094209712
94	1.12824530229591
101	1.71502135137765
104	2.1398891144138
106	2.70295640126351
107	3.0040870566964
110	3.02528383210804
112	3.10444243591082
113	4.21704595196835
119	6.79173655215064
120	6.81914015268815
121	9.40842796992988
122	10.1561209248069
129	10.2484454746064
130	10.5414357124097
133	11.4257241264155
135	12.7437403908497
138	13.1111705787529
140	14.8831103833222
142	15.3915305004085
143	16.1383006851259
144	17.5568035550245
147	17.6656035053331
150	18.183799999419
151	18.3660647201238
152	18.8452320279467
153	19.4121425233295
154	20.0460914848181
155	22.3666579497934
158	22.4405889540661
161	22.9257346733267
162	25.2580999112076
165	25.9261571134609
166	26.1562481032788
168	26.5191247231015
172	26.9045812554736
174	27.0176686227527
178	27.226361423209
179	28.0335277864801
181	28.3051297086433
184	29.2095716669509
194	29.5771259805336
195	30.1482120052634
196	30.5565252331135
197	31.4483600289318
202	31.5343587878583
209	32.8034125631089
211	32.9453337352832
213	33.2749150478399
216	33.5089358800704
219	35.4380101974325
221	36.0253802080182
222	37.7953363491821
223	39.4673030576681
224	39.7208954311784
227	40.367745318264
228	40.503538883566
231	40.5743229356007
232	41.4728450398376
234	41.6573768271962
241	42.3011666706641
245	42.5448607238544
246	43.8959271709645
256	45.2865814800294
259	45.2979827659802
261	45.5903029964578
262	45.8477246684121
264	45.9501974025906
269	46.7969240496296
271	46.8434781683809
277	48.0211419654958
278	49.3521056086379
279	49.9477581379448
286	50.8580850807934
289	51.1638872587992
292	51.3293538886908
296	51.7233540273056
299	53.0565463206911
300	54.6964428199493
302	55.9438472025758
305	56.9351994863081
311	57.9993896340753
313	58.4610464994212
316	59.0288501475976
321	59.554607429766
324	59.5673067289471
325	60.0248279377947
326	61.4520559242614
329	61.7138317201133
331	62.5656899646176
337	63.0053739003096
341	63.9085169311177
342	65.1328451148883
347	66.144667066009
350	66.3676192350918
351	67.1513446457652
352	69.4622243182408
363	70.6332164018962
364	71.1116639495612
376	71.812984565055
377	71.8480969506239
379	72.4319066573811
382	72.5477869614451
396	72.8768883720674
402	73.0213450427127
403	73.5169911965323
412	74.2580000975418
413	75.469320553371
421	75.7651287006502
430	76.7534313059929
433	77.6637896582397
441	79.0383983963749
447	80.2463968582394
449	80.8535194583945
450	81.1567633967385
455	81.4504710152648
458	81.6823489923836
464	82.2384864529891
478	82.5632851388641
481	82.6244036917335
483	82.767692904847
485	83.5079591834848
488	85.2097478639217
489	85.7894987652433
491	87.5135421492567
492	88.5186922892672
497	88.5696126767088
501	88.7763019704927
507	88.7837995868092
510	89.2216290300072
526	89.2751245856673
527	90.1059143344853
528	90.7787332940241
529	90.8074473508728
533	91.3045529952535
536	91.6948981234794
548	92.6003544339114
560	92.6622064331789
574	93.3726396278101
579	93.6985494412228
581	93.7815151685401
582	94.14925446269
588	95.1319527327183
593	95.8629430983642
597	96.6690042609198
610	96.7212187238727
614	96.776885078406
618	96.8676450626245
623	97.0307856013877
627	97.6108772263348
628	97.6288088411667
633	98.2434239756957
638	98.4723034708121
642	98.6936098755012
653	98.9900477859611
656	99.2370280316845
664	99.7146471872251
666	100.475133558084
668	100.535204840576
676	100.601293129884
683	100.830083052192
685	101.338231625772
691	101.802381193056
708	102.044022416293
718	102.130053853969
720	103.147157738235
729	103.192570664261
731	103.257743105864
738	103.631383910122
748	104.349715007095
752	104.789771945831
753	105.585131541244
760	105.8265039159
764	106.749127343644
769	107.800063109923
773	108.306381085881
775	108.519215666514
780	109.222696343795
785	109.318574939347
794	109.485030617147
795	109.624684166966
799	110.189313720137
801	110.201864740125
812	110.313052381533
814	110.421114034991
821	110.520914117532
835	110.586646132364
843	110.838949498874
851	111.376735975242
854	112.214247825424
855	112.392650455943
872	112.425821851754
879	112.93458187168
881	112.957892537541
885	114.053159641534
898	114.580702263476
900	114.894005466401
921	115.017037967703
922	115.091111000132
923	115.329651992671
941	115.378718561002
944	115.693049581846
946	115.81875008625
951	116.096345320897
958	116.255960886197
959	117.244131995912
960	117.360018091051
971	117.444530341809
977	117.445046482111
982	117.492122561545
984	117.836686750234
987	118.308950607638
991	118.733954071777
994	118.809775359751
1006	118.838866588305
1016	118.961753363966
1037	120.872487345823
1060	121.088812714029
1063	121.156133676401
1089	121.610656518782
1092	121.742930380443
1101	121.757949568529
1105	122.845404459871
1106	123.288895189376
1108	123.717208048209
1110	124.166155094352
1151	124.871078767646
1153	125.201044998406
1158	126.031224234578
1176	126.047697604102
1178	126.485341317624
1184	126.714059948351
1185	128.230701631069
1187	128.673375944057
1192	129.104832933905
1219	129.512498411052
1223	130.150068532186
1245	130.300915447001
1252	130.796540559024
1258	130.941045891575
1260	131.040915360365
1261	131.508499941559
1271	131.64384900838
1285	132.696081893762
1289	132.785093528437
1300	133.101282580897
1301	133.764900345503
1304	133.999394941649
1323	134.940439206138
1325	135.103463360352
1335	135.903165240682
1346	136.760687846552
1348	137.124729894576
1350	137.671855108576
1355	137.697182964925
1372	138.74984880573
1376	138.929836911574
1416	138.934683066936
1417	138.958485434692
1437	139.466644170933
1470	139.685074894908
1471	139.79691818949
1491	140.128574163628
1494	140.279991737306
1498	140.435042727876
1499	140.478887279338
1500	140.633962061277
1503	140.827335920056
1516	141.104513195198
1517	141.135581231533
1520	141.2220424693
1524	141.82697288917
1528	141.996157742304
1538	142.233588677399
1552	142.501629583266
1559	142.717881711031
1563	142.860609106682
1569	143.030765773941
1574	143.229514687191
1586	143.957861126057
1596	144.455252163686
1615	144.838591979146
1626	145.53180336266
1629	146.65606951285
1643	147.060511904646
1658	147.714221517395
1661	147.767203977724
1665	147.87709526613
1700	147.991885296491
1721	148.42182799685
1729	148.550033322657
1730	148.672912584789
1736	149.425778351239
1739	149.582293089669
1741	149.845621076402
1788	150.311243166962
1804	150.693114809363
1806	151.480271562127
1807	152.017505363501
1808	152.495237881568
1810	153.096892722492
1842	153.106292016506
1857	153.113052498124
1858	153.860441151023
1860	154.220827032749
1870	154.353649217041
1871	154.800448256567
1873	155.650728740725
1878	155.790241954231
1884	155.792347239089
1904	156.111245911871
1907	156.199249869686
1909	156.274185067367
1935	156.476056564236
1954	156.485048819972
1959	156.744127101019
1964	157.982149180182
1976	158.550118250034
1998	158.848987242817
2037	159.116841216896
2047	159.282307846788
2051	159.72421169788
2121	160.110194163896
2124	160.160790903532
2150	160.23615338961
2151	161.045359028082
2155	161.377758795769
2174	162.420878788933
2176	162.500492471788
2179	163.068830955565
2181	163.169275720014
2246	163.314123686883
2259	163.357974441313
2262	164.294201407983
2273	164.758165559443
2284	164.761307129496
2309	165.212661104988
2311	165.83396968625
2316	166.361305749814
2352	166.403876732352
2353	166.559828380829
2356	166.824553135396
2366	166.833142293322
2374	167.329789822797
2380	167.561152940565
2396	167.80281814137
2400	167.90148995581
2401	168.57716913554
2405	168.701656310767
2417	169.034285104472
2477	170.040799455794
2497	170.250413385558
2527	170.794772853045
2530	171.38804458227
2547	171.545903636564
2577	171.664893871666
2586	173.091757661733
2591	173.645041930921
2601	173.825853246704
2602	174.106280974678
2605	174.13806018682
2611	174.551451214147
2636	174.874685131284
2639	174.897114521031
2673	175.58394404794
2674	175.70013150618
2680	175.758249799905
2690	176.081904564303
2697	176.308092982488
2721	176.669335193518
2722	177.206247660918
2726	177.641129800588
2774	178.059576971458
2817	178.378373310128
2867	178.523914888309
2874	179.266255572719
2883	179.562145579912
2901	179.625872996235
2921	179.689075374061
2927	179.76422713528
2956	180.414771107125
2959	180.54498789758
2973	180.623618488053
2978	181.501080106103
2984	182.574891665028
2989	183.208159750625
2990	183.465415367555
2992	183.717400939808
3009	184.22665960882
3012	185.35033882793
3018	185.565517136575
3069	185.609245850966
3083	186.036002676589
3086	186.657284930542
3091	186.744374907012
3127	186.800794114407
3172	187.590058820383
3191	187.691245512423
3210	187.833192154876
3226	188.362651547132
3234	188.761872962497
3254	189.046129655125
3265	189.898613603222
3284	190.230779666201
3319	191.093094761517
3344	191.150890947389
3413	191.864047557877
3417	192.174027184476
3437	192.257519890525
3459	192.48778379714
3461	193.184449780019
3466	193.215361292887
3511	193.443375470429
3534	193.584553738197
3564	193.730592442677
3582	194.121789039664
3626	194.827470657184
3741	194.850526098642
3743	194.850526098642
3813	194.868813338029
3816	195.114189183455
3863	195.598139741957
3912	195.668602949805
3953	195.845986820519
3995	195.855272015207
4002	196.059927402188
4003	196.083168258504
4030	196.165039923581
4038	196.491854665258
4057	196.91916071495
4107	196.955374426984
4132	197.074533772155
4140	197.506932886648
4149	197.604465411962
4212	197.63212491113
4227	198.030453820263
4242	198.491961529909
4245	198.964151859233
4295	199.514426307419
4301	199.568723310348
4305	200.14719346036
4308	200.381594995609
4317	200.398095881572
4362	200.895365225269
4363	200.949862954182
4366	201.02336141239
4373	201.035581794087
4462	201.208906291196
4542	201.938439933568
4616	202.02292197949
4698	202.287111733316
4701	202.91994690779
4723	202.920230424003
4747	204.081012797082
4820	204.160525604343
4852	204.610773158352
4964	204.664597455568
5001	204.747996813269
5006	205.27089075166
5066	205.429056164687
5120	205.615733694988
5128	205.809483019127
5135	205.925369114266
5157	205.969995850936
5159	206.009423337845
5188	206.078739605539
5244	206.69629531477
5250	206.780612596115
5289	206.798913298808
5372	206.893464922852
5411	207.272975090933
5444	207.429816813612
5452	207.550455380523
5505	208.357489227963
5518	208.524383689373
5521	208.666306592037
5541	208.818395313877
5577	208.87149120576
5614	208.959817778555
5670	209.539634282196
5725	210.518686421962
5753	210.616750916926
5761	210.622104857095
5799	210.642445939607
5820	211.634893030953
5835	211.818465381961
5850	211.852966978796
5862	211.864563578602
5867	212.146998988907
5868	212.194839399583
5980	212.728624775879
6043	212.97993533201
6114	213.077483936673
6148	213.19715889779
6167	213.327619955547
6176	213.629610697366
6193	213.999845063694
6312	214.364153080107
6320	214.364153080107
6328	215.105244813177
6378	215.181608603599
6400	215.334469707814
6440	215.89103120052
6529	215.925614700336
6556	216.002319287038
6590	216.300004507603
6606	216.656631196408
6607	216.814456516832
6730	216.845550325765
6783	216.931167788752
6965	217.169050166321
6990	217.280525709357
6993	217.362600532925
7061	217.386798813982
7063	217.4352698347
7108	217.62365073777
7115	217.710193381438
7134	217.733556259454
7143	217.87755020751
7148	217.917016481948
7409	218.156189280958
7413	218.156189280958
7431	218.598773463253
7438	218.651455360144
7497	218.651455360144
7737	218.65321187403
7751	218.656583652063
7800	218.959684042789
7806	219.994722039055
7912	220.397147151421
7945	221.086519482124
7956	221.3484246176
8017	221.393280046916
8045	221.636133667411
8046	221.719772372589
8087	221.812604956557
8116	222.043916961393
8236	222.61276941096
8277	222.658577260123
8368	222.679351986741
8392	222.836481972739
8397	223.074512822871
8532	223.566062282491
8545	223.770199219061
8572	223.797837412785
8622	223.903674967241
8642	223.923459675823
8738	223.923459675823
8874	223.963334513689
8879	224.344004905173
8942	224.653450317368
8986	224.705441834605
9055	224.900359720667
9093	225.236338664169
9261	225.286792433683
9402	225.386066733822
9424	225.56128355372
9435	225.592351590054
9463	225.666492280433
9577	226.02226010481
9597	226.054014841027
9664	226.184750011669
9671	226.361500001064
9681	226.374839225158
9683	227.02006532601
9730	227.098620460688
9767	227.254284722573
9838	227.531857596267
9861	228.276113496187
9919	228.419507780659
10016	228.557527960441
10028	228.959170069159
10230	228.995722354349
10347	229.222093299825
10472	229.384064287029
10507	229.474789260177
10675	229.749538820191
10745	229.857325851632
10909	229.96159469332
10971	230.071844365728
11035	230.114457940812
11215	230.197325017105
11575	230.251379178379
11694	230.560531072423
11722	230.753830276612
11905	230.827574656083
12180	230.962154452195
12201	230.99930628757
12296	231.157682026273
12416	231.193473725485
12988	231.258502387359
13000	231.377028225035
13093	231.58851887774
13272	231.721595823317
13384	231.921904314798
13462	232.15125065507
13731	232.155111325119
13899	232.165871092358
14053	232.225026907765
14137	232.360160685403
14175	232.511315984438
14221	232.740777511451
14451	232.833596702677
14519	232.969690923093
14566	233.003041660058
14605	233.003041660058
14789	233.112608417851
15223	233.638147945393
15411	233.836350129241
15797	234.024301621343
15889	234.151882596704
16237	234.151882596704
16514	234.3240878356
16547	234.891234908203
16560	234.95121744328
16851	234.9704629324
17047	235.010899016824
17288	235.022908051882
17345	235.229358777877
17943	235.485391536817
18230	235.497861262976
18392	235.52811863865
18561	235.584421277553
18646	235.631315335871
18863	235.907919630774
18907	236.013884183179
19353	236.306275748684
19408	236.353707712634
19580	236.502771655047
19684	236.517146074053
19719	236.703471358752
19722	237.442478698131
20202	237.4907376674
20592	237.592917413422
20721	237.914755163897
20788	238.02160396992
20962	238.243011027347
21012	238.282603393348
21089	238.503587865508
21227	238.591240830976
21271	238.623927539595
21511	238.631914283219
21558	238.713060545109
21822	238.879841484178
21933	238.885207854245
22013	239.014007783566
22109	239.170290715842
22734	239.310372355135
22790	239.310372355135
22917	239.330006938711
23421	239.348083464604
23747	239.666562465511
24343	239.666562465511
24516	240.124389050927
24597	240.528586777024
24647	241.598907934083
24680	242.080136895724
25068	242.084024851128
25155	242.114021444745
25245	242.12621243744
25304	242.132107741954
26000	242.132107741954
26011	242.134031161773
26354	242.181952516157
26505	242.255407033668
26749	242.410483635375
27118	242.426760873264
27261	242.573884077481
27758	242.613540077188
28210	242.627934966953
29057	242.64467652543
30058	242.660606050073
30542	242.696896881794
30856	242.858398722326
31560	243.19192194233
31892	243.454379484036
31948	243.650006792406
32385	243.972089318122
32627	244.067429947716
33048	244.071230463692
33054	244.071713630414
33098	244.071713630414
33335	244.087865013481
36322	244.266303139682
36561	244.266303139682
44853	244.504412869368
45061	244.504412869368
45101	244.778243320314
45281	245.295765359718
45564	245.354447654917
46294	245.5026076683
46825	245.696808974414
48404	245.696808974414
48851	246.038372979522
49228	246.273642148457
49566	246.478672874482
49802	246.581206702382
49873	246.622522345925
49929	246.757631509945
50820	246.904717469292
56170	246.904717469292
56743	246.914367477347
63068	247.038041243641
63483	247.113099635393
66317	247.117322673303
67984	247.117322673303
68141	247.133847884132
68290	247.133847884132
68954	247.178703313448
79416	247.178703313448
80377	247.311931861929
82390	247.318847176335
82463	247.343516077312
84139	247.619793046896
84612	247.908568635234
85258	247.908568635234
85893	247.908568635234
90511	248.039125132424
91087	248.1894740201
94053	248.1894740201
94658	248.210129754228
95300	248.210129754228
96345	248.275186257807
96825	248.275186257807
97293	248.310861398719
98633	248.310861398719
99089	248.310861398719
102875	248.310861398719
108762	248.626901199947
110467	248.704661734954
122809	248.704661734954
124496	248.704661734954
124604	248.704661734954
125930	248.704661734954
128691	248.704661734954
128774	248.704661734954
139687	248.704661734954
145029	248.704661734954
163142	248.704661734954
165311	248.704661734954
166636	248.704661734954
169801	248.704661734954
175579	248.704661734954
176450	248.704661734954
177470	248.704661734954
177514	248.704661734954
183392	248.704661734954
186156	248.704661734954
186740	248.704661734954
188196	248.704661734954
194118	248.704661734954
200234	248.704661734954
203159	248.704661734954
207748	248.704661734954
217062	248.704661734954
218797	248.704661734954
219445	248.704661734954
219704	248.704661734954
220272	248.704661734954
228342	248.704661734954
237983	248.704661734954
242132	248.704661734954
242837	248.704661734954
245028	248.704661734954
245373	248.704661734954
252472	248.704661734954
256483	248.704661734954
266175	248.704661734954
270528	248.704661734954
276272	248.704661734954
282257	248.704661734954
282556	248.704661734954
285350	248.704661734954
285606	248.704661734954
289356	248.704661734954
293985	248.704661734954
295662	248.704661734954
296702	248.704661734954
299021	248.704661734954
302069	248.704661734954
312825	248.704661734954
314104	248.704661734954
314292	248.704661734954
320700	248.704661734954
321361	248.704661734954
325148	248.704661734954
341149	248.704661734954
346663	248.704661734954
351159	248.704661734954
352184	248.704661734954
358824	248.704661734954
359885	248.704661734954
360407	248.704661734954
361834	248.704661734954
364108	248.704661734954
366142	248.704661734954
368468	248.704661734954
370618	248.704661734954
374980	248.704661734954
379329	248.704661734954
379622	248.704661734954
380368	248.704661734954
382305	248.704661734954
386454	248.704661734954
391090	248.704661734954
409048	248.704661734954
411006	248.704661734954
418612	248.704661734954
422746	248.704661734954
425436	248.704661734954
425572	248.704661734954
426687	248.704661734954
428282	248.704661734954
428583	248.704661734954
429136	248.704661734954
442102	248.704661734954
445823	248.704661734954
449437	248.704661734954
449842	248.704661734954
458281	248.704661734954
459886	248.704661734954
460334	248.704661734954
461911	248.704661734954
471629	248.704661734954
472526	248.704661734954
475339	248.704661734954
477690	248.704661734954
486075	248.704661734954
488365	248.704661734954
488992	248.704661734954
497001	248.704661734954
505548	248.704661734954
505621	248.704661734954
508181	248.704661734954
511807	248.704661734954
512202	248.704661734954
520672	248.704661734954
525036	248.704661734954
525241	248.704661734954
530951	248.704661734954
532864	248.704661734954
532964	248.704661734954
539366	248.704661734954
540354	248.704661734954
544524	248.704661734954
550027	248.704661734954
552282	248.704661734954
557737	248.704661734954
560562	248.704661734954
561063	248.704661734954
561762	248.704661734954
565537	248.704661734954
569716	248.704661734954
571911	248.704661734954
583591	248.704661734954
587593	248.704661734954
589706	248.704661734954
594956	248.704661734954
596065	248.704661734954
603692	248.704661734954
605338	248.704661734954
608430	248.704661734954
610786	248.704661734954
611296	248.704661734954
615010	248.704661734954
620336	248.704661734954
620367	248.704661734954
622924	248.704661734954
623851	248.704661734954
626734	248.704661734954
627346	248.704661734954
627403	248.704661734954
630994	248.704661734954
633186	248.704661734954
634163	248.704661734954
634364	248.704661734954
649487	248.704661734954
651431	248.704661734954
652444	248.704661734954
657944	248.704661734954
658162	248.704661734954
659268	248.704661734954
659755	248.704661734954
660943	248.704661734954
670290	248.704661734954
677352	248.704661734954
679075	248.704661734954
682381	248.704661734954
694846	248.704661734954
695684	248.704661734954
698802	248.704661734954
699078	248.704661734954
716728	248.704661734954
719164	248.704661734954
731564	248.704661734954
734156	248.704661734954
738976	248.704661734954
742301	248.704661734954
748825	248.704661734954
749245	248.704661734954
750691	248.704661734954
756334	248.704661734954
756769	248.704661734954
757773	248.704661734954
757891	248.704661734954
758264	248.704661734954
768429	248.704661734954
778875	248.704661734954
782544	248.704661734954
791791	248.704661734954
797910	248.704661734954
801795	248.704661734954
804150	248.704661734954
807424	248.704661734954
812533	248.704661734954
815494	248.704661734954
816627	248.704661734954
821583	248.704661734954
825713	248.704661734954
832447	248.704661734954
837605	248.704661734954
838957	248.704661734954
839061	248.704661734954
846703	248.704661734954
851803	248.704661734954
858094	248.704661734954
859197	248.704661734954
859582	248.704661734954
865519	248.704661734954
866035	248.704661734954
866065	248.704661734954
871681	248.704661734954
874147	248.704661734954
877174	248.704661734954
879223	248.704661734954
880346	248.704661734954
880541	248.704661734954
886874	248.704661734954
887025	248.704661734954
887834	248.704661734954
897100	248.704661734954
914754	248.704661734954
917413	248.704661734954
928532	248.704661734954
938999	248.704661734954
940301	248.704661734954
946337	248.704661734954
952755	248.704661734954
953735	248.704661734954
959789	248.704661734954
962153	248.704661734954
965816	248.704661734954
968773	248.704661734954
970307	248.704661734954
972765	248.704661734954
985774	248.704661734954
987326	248.704661734954
988060	248.704661734954
990311	248.704661734954
991936	248.704661734954
